study_id	immune_challenge	drug_response	developmental_transition	stress_adaptation	infection_series	treatment_series	timecourse_early	timecourse_late
immune_challenge	1.000	0.612	0.431	0.677	0.742	0.588	0.521	0.474
drug_response	0.612	1.000	0.402	0.559	0.496	0.781	0.463	0.417
developmental_transition	0.431	0.402	1.000	0.536	0.384	0.429	0.722	0.693
stress_adaptation	0.677	0.559	0.536	1.000	0.665	0.604	0.551	0.527
infection_series	0.742	0.496	0.384	0.665	1.000	0.542	0.466	0.439
treatment_series	0.588	0.781	0.429	0.604	0.542	1.000	0.514	0.468
timecourse_early	0.521	0.463	0.722	0.551	0.466	0.514	1.000	0.815
timecourse_late	0.474	0.417	0.693	0.527	0.439	0.468	0.815	1.000
